0.500000 0.276976 -0.192364 -0.490308 -0.356701 0.990352 
 0.276976 -0.192364 -0.490308 -0.356701 0.085921 0.978335 
 -0.192364 -0.490308 -0.356701 0.085921 0.452529 0.961592 
 -0.490308 -0.356701 0.085921 0.452529 0.436433 0.940205 
 -0.356701 0.085921 0.452529 0.436433 0.061498 0.914277 
 0.085921 0.452529 0.436433 0.061498 -0.359264 0.883933 
 0.452529 0.436433 0.061498 -0.359264 -0.494986 0.849320 
 0.436433 0.061498 -0.359264 -0.494986 -0.254353 0.810604 
 0.061498 -0.359264 -0.494986 -0.254353 0.169089 0.767973 
 -0.359264 -0.494986 -0.254353 0.169089 0.467054 0.721632 
 -0.494986 -0.254353 0.169089 0.467054 0.444244 0.671806 
 -0.254353 0.169089 0.467054 0.444244 0.134427 0.618735 
 0.169089 0.467054 0.444244 0.134427 -0.252237 0.562676 
 0.467054 0.444244 0.134427 -0.252237 -0.482846 0.503899 
 0.444244 0.134427 -0.252237 -0.482846 -0.440157 0.442688 
 0.134427 -0.252237 -0.482846 -0.440157 -0.167910 0.379339 
 -0.252237 -0.482846 -0.440157 -0.167910 0.179955 0.314157 
 -0.482846 -0.440157 -0.167910 0.179955 0.434966 0.247458 
 -0.440157 -0.167910 0.179955 0.434966 0.494596 0.179564 
 -0.167910 0.179955 0.434966 0.494596 0.353370 0.110803 
 0.179955 0.434966 0.494596 0.353370 0.084720 0.041506 
 0.434966 0.494596 0.353370 0.084720 -0.204027 -0.027991 
 0.494596 0.353370 0.084720 -0.204027 -0.417213 -0.097353 
 0.353370 0.084720 -0.204027 -0.417213 -0.499592 -0.166244 
 0.084720 -0.204027 -0.417213 -0.499592 -0.443533 -0.234333 
 -0.204027 -0.417213 -0.499592 -0.443533 -0.279489 -0.301290 
 -0.417213 -0.499592 -0.443533 -0.279489 -0.058443 -0.366791 
 -0.499592 -0.443533 -0.279489 -0.058443 0.165716 -0.430521 
 -0.443533 -0.279489 -0.058443 0.165716 0.349018 -0.492172 
 -0.279489 -0.058443 0.165716 0.349018 0.463869 -0.551445 
 -0.058443 0.165716 0.349018 0.463869 0.499943 -0.608055 
 0.165716 0.349018 0.463869 0.499943 0.461372 -0.661728 
 0.349018 0.463869 0.499943 0.461372 0.362233 -0.712204 
 0.463869 0.499943 0.461372 0.362233 0.221878 -0.759241 
 0.499943 0.461372 0.362233 0.221878 0.061016 -0.802610 
 0.461372 0.362233 0.221878 0.061016 -0.101065 -0.842103 
 0.362233 0.221878 0.061016 -0.101065 -0.248145 -0.877529 
 0.221878 0.061016 -0.101065 -0.248145 -0.367808 -0.908716 
 0.061016 -0.101065 -0.248145 -0.367808 -0.451540 -0.935513 
 -0.101065 -0.248145 -0.367808 -0.451540 -0.494467 -0.957792 
 -0.248145 -0.367808 -0.451540 -0.494467 -0.494938 -0.975445 
 -0.367808 -0.451540 -0.494467 -0.494938 -0.454121 -0.988387 
 -0.451540 -0.494467 -0.494938 -0.454121 -0.375662 -0.996554 
 -0.494467 -0.494938 -0.454121 -0.375662 -0.265475 -0.999909 
 -0.494938 -0.454121 -0.375662 -0.265475 -0.131606 -0.998433 
 -0.454121 -0.375662 -0.265475 -0.131606 0.015847 -0.992135 
 -0.375662 -0.265475 -0.131606 0.015847 0.164886 -0.981045 
 -0.265475 -0.131606 0.015847 0.164886 0.301933 -0.965216 
 -0.131606 0.015847 0.164886 0.301933 0.412474 -0.944726 
 0.015847 0.164886 0.301933 0.412474 0.482162 -0.919672 
 0.164886 0.301933 0.412474 0.482162 0.498506 -0.890176 
 0.301933 0.412474 0.482162 0.498506 0.453133 -0.856381 
 0.412474 0.482162 0.498506 0.453133 0.344473 -0.818449 
 0.482162 0.498506 0.453133 0.344473 0.180445 -0.776564 
 0.498506 0.453133 0.344473 0.180445 -0.019624 -0.730928 
 0.453133 0.344473 0.180445 -0.019624 -0.224884 -0.681762 
 0.344473 0.180445 -0.019624 -0.224884 -0.395833 -0.629303 
 0.180445 -0.019624 -0.224884 -0.395833 -0.491045 -0.573804 
 -0.019624 -0.224884 -0.395833 -0.491045 -0.477715 -0.515534 
 -0.224884 -0.395833 -0.491045 -0.477715 -0.344338 -0.454774 
 -0.395833 -0.491045 -0.477715 -0.344338 -0.111744 -0.391817 
 -0.491045 -0.477715 -0.344338 -0.111744 0.163060 -0.326967 
 -0.477715 -0.344338 -0.111744 0.163060 0.395817 -0.260539 
 -0.344338 -0.111744 0.163060 0.395817 0.499322 -0.192852 
 -0.111744 0.163060 0.395817 0.499322 0.418972 -0.124233 
 0.163060 0.395817 0.499322 0.418972 0.166741 -0.055014 
 0.395817 0.499322 0.418972 0.166741 -0.165602 0.014470 
 0.499322 0.418972 0.166741 -0.165602 -0.430954 0.083884 
 0.418972 0.166741 -0.165602 -0.430954 -0.490696 0.152894 
 0.166741 -0.165602 -0.430954 -0.490696 -0.294355 0.221164 
 -0.165602 -0.430954 -0.490696 -0.294355 0.070385 0.288367 
 -0.430954 -0.490696 -0.294355 0.070385 0.401966 0.354177 
 -0.490696 -0.294355 0.070385 0.401966 0.492197 0.418276 
 -0.294355 0.070385 0.401966 0.492197 0.265487 0.480355 
 0.070385 0.401966 0.492197 0.265487 -0.144779 0.540113 
 0.401966 0.492197 0.265487 -0.144779 -0.459513 0.597263 
 0.492197 0.265487 -0.144779 -0.459513 -0.442612 0.651528 
 0.265487 -0.144779 -0.459513 -0.442612 -0.090494 0.702646 
 -0.144779 -0.459513 -0.442612 -0.090494 0.336279 0.750370 
 -0.459513 -0.442612 -0.090494 0.336279 0.497512 0.794470 
 -0.442612 -0.090494 0.336279 0.497512 0.251113 0.834733 
 -0.090494 0.336279 0.497512 0.251113 -0.207990 0.870964 
 0.336279 0.497512 0.251113 -0.207990 -0.492122 0.902988 
 0.497512 0.251113 -0.207990 -0.492122 -0.350666 0.930650 
 0.251113 -0.207990 -0.492122 -0.350666 0.099166 0.953817 
 -0.207990 -0.492122 -0.350666 0.099166 0.462411 0.972378 
 -0.492122 -0.350666 0.099166 0.462411 0.414631 0.986242 
 -0.350666 0.099166 0.462411 0.414631 -0.003054 0.995342 
 0.099166 0.462411 0.414631 -0.003054 -0.417732 0.999634 
 0.462411 0.414631 -0.003054 -0.417732 -0.460852 0.999099 
 0.414631 -0.003054 -0.417732 -0.460852 -0.097687 0.993737 
 -0.003054 -0.417732 -0.460852 -0.097687 0.349205 0.983576 
 -0.417732 -0.460852 -0.097687 0.349205 0.493244 0.968664 
 -0.460852 -0.097687 0.349205 0.493244 0.218920 0.949073 
 -0.097687 0.349205 0.493244 0.218920 -0.234922 0.924898 
 0.349205 0.493244 0.218920 -0.234922 -0.494268 0.896256 
 0.493244 0.218920 -0.234922 -0.494268 -0.360709 0.863285 
 0.218920 -0.234922 -0.494268 -0.360709 0.047780 0.826145 
 -0.234922 -0.494268 -0.360709 0.047780 0.415531 0.785013 
 -0.494268 -0.360709 0.047780 0.415531 0.480791 0.740091 
 -0.360709 0.047780 0.415531 0.480791 0.214508 0.691593 
 0.047780 0.415531 0.480791 0.214508 -0.188387 0.639755 
 0.415531 0.480791 0.214508 -0.188387 -0.465200 0.584827 
 0.480791 0.214508 -0.188387 -0.465200 -0.458052 0.527075 
 0.214508 -0.188387 -0.465200 -0.458052 -0.191254 0.466776 
 -0.188387 -0.465200 -0.458052 -0.191254 0.171695 0.404223 
 -0.465200 -0.458052 -0.191254 0.171695 0.438678 0.339718 
 -0.458052 -0.191254 0.171695 0.438678 0.490456 0.273571 
 -0.191254 0.171695 0.438678 0.490456 0.323196 0.206104 
 0.171695 0.438678 0.490456 0.323196 0.027332 0.137640 
 0.438678 0.490456 0.323196 0.027332 -0.269528 0.068512 
 0.490456 0.323196 0.027332 -0.269528 -0.460225 -0.000946 
 0.323196 0.027332 -0.269528 -0.460225 -0.492412 -0.070401 
 0.027332 -0.269528 -0.460225 -0.492412 -0.373647 -0.139515 
 -0.269528 -0.460225 -0.492412 -0.373647 -0.154821 -0.207956 
 -0.460225 -0.492412 -0.373647 -0.154821 0.095238 -0.275392 
 -0.492412 -0.373647 -0.154821 0.095238 0.312855 -0.341497 
 -0.373647 -0.154821 0.095238 0.312855 0.454128 -0.405954 
 -0.154821 0.095238 0.312855 0.454128 0.499971 -0.468449 
 0.095238 0.312855 0.454128 0.499971 0.453676 -0.528682 
 0.312855 0.454128 0.499971 0.453676 0.334358 -0.586362 
 0.454128 0.499971 0.453676 0.334358 0.169300 -0.641209 
 0.499971 0.453676 0.334358 0.169300 -0.012706 -0.692959 
 0.453676 0.334358 0.169300 -0.012706 -0.186079 -0.741362 
 0.334358 0.169300 -0.012706 -0.186079 -0.331074 -0.786185 
 0.169300 -0.012706 -0.186079 -0.331074 -0.434674 -0.827210 
 -0.012706 -0.186079 -0.331074 -0.434674 -0.490291 -0.864239 
 -0.186079 -0.331074 -0.434674 -0.490291 -0.496811 -0.897094 
 -0.331074 -0.434674 -0.490291 -0.496811 -0.457391 -0.925617 
 -0.434674 -0.490291 -0.496811 -0.457391 -0.378301 -0.949668 
 -0.490291 -0.496811 -0.457391 -0.378301 -0.267938 -0.969132 
 -0.496811 -0.457391 -0.378301 -0.267938 -0.136083 -0.983916 
 -0.457391 -0.378301 -0.267938 -0.136083 0.006640 -0.993947 
 -0.378301 -0.267938 -0.136083 0.006640 0.149146 -0.999177 
 -0.267938 -0.136083 0.006640 0.149146 0.280212 -0.999581 
 -0.136083 0.006640 0.149146 0.280212 0.388828 -0.995157 
 0.006640 0.149146 0.280212 0.388828 0.464674 -0.985927 
 0.149146 0.280212 0.388828 0.464674 0.498805 -0.971934 
 0.280212 0.388828 0.464674 0.498805 0.484610 -0.953247 
 0.388828 0.464674 0.498805 0.484610 0.419035 -0.929956 
 0.464674 0.498805 0.484610 0.419035 0.303992 -0.902173 
 0.498805 0.484610 0.419035 0.303992 0.147745 -0.870032 
 0.484610 0.419035 0.303992 0.147745 -0.034117 -0.833689 
 0.419035 0.303992 0.147745 -0.034117 -0.218626 -0.793319 
 0.303992 0.147745 -0.034117 -0.218626 -0.376960 -0.749118 
 0.147745 -0.034117 -0.218626 -0.376960 -0.478114 -0.701298 
 -0.034117 -0.218626 -0.376960 -0.478114 -0.494950 -0.650091 
 -0.218626 -0.376960 -0.478114 -0.494950 -0.412155 -0.595744 
 -0.376960 -0.478114 -0.494950 -0.412155 -0.234524 -0.538519 
 -0.478114 -0.494950 -0.412155 -0.234524 0.007256 -0.478693 
 -0.494950 -0.412155 -0.234524 0.007256 0.256999 -0.416556 
 -0.412155 -0.234524 0.007256 0.256999 0.442920 -0.352406 
 -0.234524 0.007256 0.256999 0.442920 0.497997 -0.286554 
 0.007256 0.256999 0.442920 0.497997 0.387073 -0.219318 
 0.256999 0.442920 0.497997 0.387073 0.131147 -0.151023 
 0.442920 0.497997 0.387073 0.131147 -0.184865 -0.081998 
 0.497997 0.387073 0.131147 -0.184865 -0.432950 -0.012577 
 0.387073 0.131147 -0.184865 -0.432950 -0.492933 0.056904 
 0.131147 -0.184865 -0.432950 -0.492933 -0.316951 0.126111 
 -0.184865 -0.432950 -0.492933 -0.316951 0.026282 0.194709 
 -0.432950 -0.492933 -0.316951 0.026282 0.363717 0.262366 
 -0.492933 -0.316951 0.026282 0.363717 0.499805 0.328756 
 -0.316951 0.026282 0.363717 0.499805 0.336093 0.393558 
 0.026282 0.363717 0.499805 0.336093 -0.044535 0.456459 
 0.363717 0.499805 0.336093 -0.044535 -0.402384 0.517155 
 0.499805 0.336093 -0.044535 -0.402384 -0.486910 0.575354 
 0.336093 -0.044535 -0.402384 -0.486910 -0.221525 0.630773 
 -0.044535 -0.402384 -0.486910 -0.221525 0.212935 0.683146 
 -0.402384 -0.486910 -0.221525 0.212935 0.488298 0.732219 
 -0.486910 -0.221525 0.212935 0.488298 0.378800 0.777755 
 -0.221525 0.212935 0.488298 0.378800 -0.040328 0.819535 
 0.212935 0.488298 0.378800 -0.040328 -0.429183 0.857357 
 0.488298 0.378800 -0.040328 -0.429183 -0.456124 0.891037 
 0.378800 -0.040328 -0.429183 -0.456124 -0.089559 0.920414 
 -0.040328 -0.429183 -0.456124 -0.089559 0.356872 0.945345 
 -0.429183 -0.456124 -0.089559 0.356872 0.489674 0.965710 
 -0.456124 -0.089559 0.356872 0.489674 0.187629 0.981410 
 -0.089559 0.356872 0.489674 0.187629 -0.281976 0.992370 
 0.356872 0.489674 0.187629 -0.281976 -0.499965 0.998537 
 0.489674 0.187629 -0.281976 -0.499965 -0.272985 0.999881 
 0.187629 -0.281976 -0.499965 -0.272985 0.194781 0.996396 
 -0.281976 -0.499965 -0.272985 0.194781 0.490201 0.988097 
 -0.499965 -0.272985 0.194781 0.490201 0.359980 0.975027 
 -0.272985 0.194781 0.490201 0.359980 -0.076218 0.957247 
 0.194781 0.490201 0.359980 -0.076218 -0.445533 0.934843 
 0.490201 0.359980 -0.076218 -0.445533 -0.447151 0.907924 
 0.359980 -0.076218 -0.445533 -0.447151 -0.091923 0.876619 
 -0.076218 -0.445533 -0.447151 -0.091923 0.330681 0.841081 
 -0.445533 -0.447151 -0.091923 0.330681 0.499525 0.801480 
 -0.447151 -0.091923 0.330681 0.499525 0.303544 0.758008 
 -0.091923 0.330681 0.499525 0.303544 -0.101423 0.710874 
 0.330681 0.499525 0.303544 -0.101423 -0.431637 0.660307 
 0.499525 0.303544 -0.101423 -0.431637 -0.479378 0.606551 
 0.303544 -0.101423 -0.431637 -0.479378 -0.233702 0.549865 
 -0.101423 -0.431637 -0.479378 -0.233702 0.142050 0.490523 
 -0.431637 -0.479378 -0.233702 0.142050 0.431203 0.428812 
 -0.479378 -0.233702 0.142050 0.431203 0.490221 0.365030 
 -0.233702 0.142050 0.431203 0.490221 0.309428 0.299484 
 0.142050 0.431203 0.490221 0.309428 -0.007149 0.232492 
 0.431203 0.490221 0.309428 -0.007149 -0.311215 0.164377 
 0.490221 0.309428 -0.007149 -0.311215 -0.482474 0.095468 
 0.309428 -0.007149 -0.311215 -0.482474 -0.470753 0.026098 
 -0.007149 -0.311215 -0.482474 -0.470753 -0.299317 -0.043398 
 -0.311215 -0.482474 -0.470753 -0.299317 -0.040090 -0.112684 
 -0.482474 -0.470753 -0.299317 -0.040090 0.221022 -0.181426 
 -0.470753 -0.299317 -0.040090 0.221022 0.413318 -0.249292 
 -0.299317 -0.040090 0.221022 0.413318 0.497257 -0.315954 
 -0.040090 0.221022 0.413318 0.497257 0.466799 -0.381090 
 0.221022 0.413318 0.497257 0.466799 0.342242 -0.444385 
 0.413318 0.497257 0.466799 0.342242 0.158899 -0.505533 
 0.497257 0.466799 0.342242 0.158899 -0.044013 -0.564240 
 0.466799 0.342242 0.158899 -0.044013 -0.231699 -0.620221 
 0.342242 0.158899 -0.044013 -0.231699 -0.378539 -0.673207 
 0.158899 -0.044013 -0.231699 -0.378539 -0.469618 -0.722941 
 -0.044013 -0.231699 -0.378539 -0.469618 -0.499998 -0.769184 
 -0.231699 -0.378539 -0.469618 -0.499998 -0.472726 -0.811711 
 -0.378539 -0.469618 -0.499998 -0.472726 -0.396426 -0.850317 
 -0.469618 -0.499998 -0.472726 -0.396426 -0.283029 -0.884817 
 -0.499998 -0.472726 -0.396426 -0.283029 -0.145914 -0.915043 
 -0.472726 -0.396426 -0.283029 -0.145914 0.001427 -0.940849 
 -0.396426 -0.283029 -0.145914 0.001427 0.146275 -0.962110 
 -0.283029 -0.145914 0.001427 0.146275 0.277194 -0.978725 
 -0.145914 0.001427 0.146275 0.277194 0.384327 -0.990612 
 0.001427 0.146275 0.277194 0.384327 0.459568 -0.997715 
 0.146275 0.277194 0.384327 0.459568 0.496752 -0.999998 
 0.277194 0.384327 0.459568 0.496752 0.491902 -0.997452 
 0.384327 0.459568 0.496752 0.491902 0.443605 -0.990087 
 0.459568 0.496752 0.491902 0.443605 0.353511 -0.977941 
 0.496752 0.491902 0.443605 0.353511 0.226901 -0.961071 
 0.491902 0.443605 0.353511 0.226901 0.073212 -0.939559 
 0.443605 0.353511 0.226901 0.073212 -0.093672 -0.913509 
 0.353511 0.226901 0.073212 -0.093672 -0.255632 -0.883047 
 0.226901 0.073212 -0.093672 -0.255632 -0.391362 -0.848319 
 0.073212 -0.093672 -0.255632 -0.391362 -0.478562 -0.809494 
 -0.093672 -0.255632 -0.391362 -0.478562 -0.497465 -0.766759 
 -0.255632 -0.391362 -0.478562 -0.497465 -0.435566 -0.720321 
 -0.391362 -0.478562 -0.497465 -0.435566 -0.292935 -0.670403 
 -0.478562 -0.497465 -0.435566 -0.292935 -0.086764 -0.617247 
 -0.497465 -0.435566 -0.292935 -0.086764 0.146810 -0.561110 
 -0.435566 -0.292935 -0.086764 0.146810 0.355919 -0.502263 
 -0.292935 -0.086764 0.146810 0.355919 0.482908 -0.440990 
 -0.086764 0.146810 0.355919 0.482908 0.480915 -0.377587 
 0.146810 0.355919 0.482908 0.480915 0.333733 -0.312360 
 0.355919 0.482908 0.480915 0.333733 0.071861 -0.245624 
 0.482908 0.480915 0.333733 0.071861 -0.224821 -0.177702 
 0.480915 0.333733 0.071861 -0.224821 -0.445849 -0.108921 
 0.333733 0.071861 -0.224821 -0.445849 -0.491083 -0.039615 
 0.071861 -0.224821 -0.445849 -0.491083 -0.321635 0.029883 
 -0.224821 -0.445849 -0.491083 -0.321635 0.003966 0.099236 
 -0.445849 -0.491083 -0.321635 0.003966 0.336440 0.168111 
 -0.491083 -0.321635 0.003966 0.336440 0.498420 0.236173 
 -0.321635 0.003966 0.336440 0.498420 0.383674 0.303094 
 0.003966 0.336440 0.498420 0.383674 0.038606 0.368552 
 0.336440 0.498420 0.383674 0.038606 -0.337556 0.432229 
 0.498420 0.383674 0.038606 -0.337556 -0.499980 0.493819 
 0.383674 0.038606 -0.337556 -0.499980 -0.323742 0.553023 
 0.038606 -0.337556 -0.499980 -0.323742 0.085315 0.609557 
 -0.337556 -0.499980 -0.323742 0.085315 0.437185 0.663146 
 -0.499980 -0.323742 0.085315 0.437185 0.460201 0.713532 
 -0.323742 0.085315 0.437185 0.460201 0.121950 0.760472 
 0.085315 0.437185 0.460201 0.121950 -0.318006 0.803738 
 0.437185 0.460201 0.121950 -0.318006 -0.498919 0.843123 
 0.460201 0.121950 -0.318006 -0.498919 -0.260380 0.878435 
 0.121950 -0.318006 -0.498919 -0.260380 0.202982 0.909504 
 -0.318006 -0.498919 -0.260380 0.202982 0.491914 0.936180 
 -0.498919 -0.260380 0.202982 0.491914 0.349121 0.958335 
 -0.260380 0.202982 0.491914 0.349121 -0.103561 0.975861 
 0.202982 0.491914 0.349121 -0.103561 -0.464585 0.988673 
 0.491914 0.349121 -0.103561 -0.464585 -0.411201 0.996710 
 0.349121 -0.103561 -0.464585 -0.411201 0.008396 0.999932 
 -0.103561 -0.464585 -0.411201 0.008396 0.419689 0.998325 
 -0.464585 -0.411201 0.008396 0.419689 0.460538 0.991896 
 -0.411201 0.008396 0.419689 0.460538 0.100595 0.980676 
 0.008396 0.419689 0.460538 0.100595 -0.343636 0.964720 
 0.419689 0.460538 0.100595 -0.343636 -0.495267 0.944103 
 0.460538 0.100595 -0.343636 -0.495267 -0.236793 0.918927 
 0.100595 -0.343636 -0.495267 -0.236793 0.210190 0.889312 
 -0.343636 -0.495267 -0.236793 0.210190 0.487550 0.855402 
 -0.495267 -0.236793 0.210190 0.487550 0.390530 0.817360 
 -0.236793 0.210190 0.487550 0.390530 0.007409 0.775370 
 0.210190 0.487550 0.390530 0.007409 -0.375318 0.729635 
 0.487550 0.390530 0.007409 -0.375318 -0.496206 0.680376 
 0.390530 0.007409 -0.375318 -0.496206 -0.291445 0.627831 
 0.007409 -0.375318 -0.496206 -0.291445 0.090618 0.572253 
 -0.375318 -0.496206 -0.291445 0.090618 0.411092 0.513911 
 -0.496206 -0.291445 0.090618 0.411092 0.493990 0.453087 
 -0.291445 0.090618 0.411092 0.493990 0.313492 0.390074 
 0.090618 0.411092 0.493990 0.313492 -0.018454 0.325178 
 0.411092 0.493990 0.313492 -0.018454 -0.332615 0.258711 
 0.493990 0.313492 -0.018454 -0.332615 -0.492269 0.190994 
 0.313492 -0.018454 -0.332615 -0.492269 -0.446524 0.122354 
 -0.018454 -0.332615 -0.492269 -0.446524 -0.233289 0.053124 
 -0.332615 -0.492269 -0.446524 -0.233289 0.054479 -0.016363 
 -0.492269 -0.446524 -0.233289 0.054479 0.314360 -0.085771 
 -0.446524 -0.233289 0.054479 0.314360 0.470758 -0.154764 
 -0.233289 0.054479 0.314360 0.470758 0.491888 -0.223010 
 0.054479 0.314360 0.470758 0.491888 0.388190 -0.290179 
 0.314360 0.470758 0.491888 0.388190 0.198987 -0.355946 
 0.470758 0.491888 0.388190 0.198987 -0.024553 -0.419994 
 0.491888 0.388190 0.198987 -0.024553 -0.234104 -0.482014 
 0.388190 0.198987 -0.024553 -0.234104 -0.393538 -0.541705 
 0.198987 -0.024553 -0.234104 -0.393538 -0.482645 -0.598780 
 -0.024553 -0.234104 -0.393538 -0.482645 -0.496457 -0.652963 
 -0.234104 -0.393538 -0.482645 -0.496457 -0.441981 -0.703992 
 -0.393538 -0.482645 -0.496457 -0.441981 -0.333985 -0.751620 
 -0.482645 -0.496457 -0.441981 -0.333985 -0.190995 -0.795618 
 -0.496457 -0.441981 -0.333985 -0.190995 -0.032101 -0.835774 
 -0.441981 -0.333985 -0.190995 -0.032101 0.125214 -0.871892 
 -0.333985 -0.190995 -0.032101 0.125214 0.266311 -0.903799 
 -0.190995 -0.032101 0.125214 0.266311 0.379917 -0.931341 
 -0.032101 0.125214 0.266311 0.379917 0.458168 -0.954384 
 0.125214 0.266311 0.379917 0.458168 0.496396 -0.972818 
 0.266311 0.379917 0.458168 0.496396 0.492843 -0.986553 
 0.379917 0.458168 0.496396 0.492843 0.448396 -0.995522 
 0.458168 0.496396 0.492843 0.448396 0.366412 -0.999684 
 0.496396 0.492843 0.448396 0.366412 0.252644 -0.999016 
 0.492843 0.448396 0.366412 0.252644 0.115237 -0.993524 
 0.448396 0.366412 0.252644 0.115237 -0.035286 -0.983232 
 0.366412 0.252644 0.115237 -0.035286 -0.186146 -0.968192 
 0.252644 0.115237 -0.035286 -0.186146 -0.322700 -0.948475 
 0.115237 -0.035286 -0.186146 -0.322700 -0.429259 -0.924177 
 -0.035286 -0.186146 -0.322700 -0.429259 -0.490488 -0.895415 
 -0.186146 -0.322700 -0.429259 -0.490488 -0.493508 -0.862328 
 -0.322700 -0.429259 -0.490488 -0.493508 -0.430639 -0.825076 
 -0.429259 -0.490488 -0.493508 -0.430639 -0.302517 -0.783839 
 -0.490488 -0.493508 -0.430639 -0.302517 -0.120970 -0.738816 
 -0.493508 -0.430639 -0.302517 -0.120970 0.089352 -0.690225 
 -0.430639 -0.302517 -0.120970 0.089352 0.291867 -0.638299 
 -0.302517 -0.120970 0.089352 0.291867 0.442738 -0.583291 
 -0.120970 0.089352 0.291867 0.442738 0.499999 -0.525465 
 0.089352 0.291867 0.442738 0.499999 0.436376 -0.465101 
 0.291867 0.442738 0.499999 0.436376 0.252937 -0.402491 
 0.442738 0.499999 0.436376 0.252937 -0.011630 -0.337937 
 0.499999 0.436376 0.252937 -0.011630 -0.282552 -0.271750 
 0.436376 0.252937 -0.011630 -0.282552 -0.466342 -0.204251 
 0.252937 -0.011630 -0.282552 -0.466342 -0.483666 -0.135765 
 -0.011630 -0.282552 -0.466342 -0.483666 -0.308536 -0.066624 
 -0.282552 -0.466342 -0.483666 -0.308536 0.004271 0.002839 
 -0.466342 -0.483666 -0.308536 0.004271 0.324400 0.072289 
 -0.483666 -0.308536 0.004271 0.324400 0.494846 0.141389 
 -0.308536 0.004271 0.324400 0.494846 0.412506 0.209807 
 0.004271 0.324400 0.494846 0.412506 0.100931 0.277211 
 0.324400 0.494846 0.412506 0.100931 -0.276416 0.343276 
 0.494846 0.412506 0.100931 -0.276416 -0.492389 0.407683 
 0.412506 0.100931 -0.276416 -0.492389 -0.396188 0.470121 
 0.100931 -0.276416 -0.492389 -0.396188 -0.032152 0.530288 
 -0.276416 -0.492389 -0.396188 -0.032152 0.360241 0.587894 
 -0.492389 -0.396188 -0.032152 0.360241 0.496409 0.642661 
 -0.396188 -0.032152 0.360241 0.496409 0.260690 0.694323 
 -0.032152 0.360241 0.496409 0.260690 -0.180258 0.742631 
 0.360241 0.496409 0.260690 -0.180258 -0.481731 0.787353 
 0.496409 0.260690 -0.180258 -0.481731 -0.391358 0.828272 
 0.260690 -0.180258 -0.481731 -0.391358 0.027257 0.865190 
 -0.180258 -0.481731 -0.391358 0.027257 0.425320 0.897929 
 -0.481731 -0.391358 0.027257 0.425320 0.457238 0.926331 
 -0.391358 0.027257 0.425320 0.457238 0.088591 0.950259 
 0.027257 0.425320 0.457238 0.088591 -0.359456 0.969597 
 0.425320 0.457238 0.088591 -0.359456 -0.488551 0.984252 
 0.457238 0.088591 -0.359456 -0.488551 -0.181968 0.994153 
 0.088591 -0.359456 -0.488551 -0.181968 0.286707 0.999252 
 -0.359456 -0.488551 -0.181968 0.286707 0.499894 0.999525 
 -0.488551 -0.181968 0.286707 0.499894 0.271302 0.994970 
 -0.181968 0.286707 0.499894 0.271302 -0.193508 0.985609 
 0.286707 0.499894 0.271302 -0.193508 -0.489035 0.971487 
 0.499894 0.271302 -0.193508 -0.489035 -0.367595 0.952673 
 0.271302 -0.193508 -0.489035 -0.367595 0.058992 0.929258 
 -0.193508 -0.489035 -0.367595 0.058992 0.433841 0.901354 
 -0.489035 -0.367595 0.058992 0.433841 0.460801 0.869097 
 -0.367595 0.058992 0.433841 0.460801 0.132422 0.832642 
 0.058992 0.433841 0.460801 0.132422 -0.290547 0.792165 
 0.433841 0.460801 0.132422 -0.290547 -0.498406 0.747862 
 0.460801 0.132422 -0.290547 -0.498406 -0.358040 0.699947 
 0.132422 -0.290547 -0.498406 -0.358040 0.017442 0.648651 
 -0.290547 -0.498406 -0.358040 0.017442 0.374840 0.594222 
 -0.498406 -0.358040 0.017442 0.374840 0.498836 0.536923 
 -0.358040 0.017442 0.374840 0.498836 0.334575 0.477031 
 0.017442 0.374840 0.498836 0.334575 -0.006903 0.414834 
 0.374840 0.498836 0.334575 -0.006903 -0.336230 0.350634 
 0.498836 0.334575 -0.006903 -0.336230 -0.495576 0.284740 
 0.334575 -0.006903 -0.336230 -0.495576 -0.428043 0.217471 
 -0.006903 -0.336230 -0.495576 -0.428043 -0.183348 0.149151 
 -0.336230 -0.495576 -0.428043 -0.183348 0.124957 0.080111 
 -0.495576 -0.428043 -0.183348 0.124957 0.377787 0.010684 
 -0.428043 -0.183348 0.124957 0.377787 0.495499 -0.058794 
 -0.183348 0.124957 0.377787 0.495499 0.456131 -0.127989 
 0.124957 0.377787 0.495499 0.456131 0.288788 -0.196565 
 0.377787 0.495499 0.456131 0.288788 0.052670 -0.264192 
 0.495499 0.456131 0.288788 0.052670 -0.186622 -0.330543 
 0.456131 0.288788 0.052670 -0.186622 -0.375334 -0.395297 
 0.288788 0.052670 -0.186622 -0.375334 -0.481104 -0.458142 
 0.052670 -0.186622 -0.375334 -0.481104 -0.494355 -0.518774 
 -0.186622 -0.375334 -0.481104 -0.494355 -0.424187 -0.576901 
 -0.375334 -0.481104 -0.494355 -0.424187 -0.291747 -0.632241 
 -0.481104 -0.494355 -0.424187 -0.291747 -0.123487 -0.684527 
 -0.494355 -0.424187 -0.291747 -0.123487 0.054276 -0.733507 
 -0.424187 -0.291747 -0.123487 0.054276 0.218963 -0.778944 
 -0.291747 -0.123487 0.054276 0.218963 0.353561 -0.820619 
 -0.123487 0.054276 0.218963 0.353561 0.447097 -0.858330 
 0.054276 0.218963 0.353561 0.447097 0.494208 -0.891895 
 0.218963 0.353561 0.447097 0.494208 0.494264 -0.921152 
 0.353561 0.447097 0.494208 0.494264 0.450360 -0.945960 
 0.447097 0.494208 0.494264 0.450360 0.368379 -0.966199 
 0.494208 0.494264 0.450360 0.368379 0.256224 -0.981772 
 0.494264 0.450360 0.368379 0.256224 0.123248 -0.992602 
 0.450360 0.368379 0.256224 0.123248 -0.020157 -0.998638 
 0.368379 0.256224 0.123248 -0.020157 -0.162876 -0.999850 
 0.256224 0.123248 -0.020157 -0.162876 -0.293379 -0.996233 
 0.123248 -0.020157 -0.162876 -0.293379 -0.400121 -0.987805 
 -0.020157 -0.162876 -0.293379 -0.400121 -0.472137 -0.974605 
 -0.162876 -0.293379 -0.400121 -0.472137 -0.499909 -0.956697 
 -0.293379 -0.400121 -0.472137 -0.499909 -0.476571 -0.934169 
 -0.400121 -0.472137 -0.499909 -0.476571 -0.399411 -0.907129 
 -0.472137 -0.499909 -0.476571 -0.399411 -0.271544 -0.875707 
 -0.499909 -0.476571 -0.399411 -0.271544 -0.103451 -0.840055 
 -0.476571 -0.399411 -0.271544 -0.103451 0.086110 -0.800346 
 -0.399411 -0.271544 -0.103451 0.086110 0.270485 -0.756772 
 -0.271544 -0.103451 0.086110 0.270485 0.417536 -0.709542 
 -0.103451 0.086110 0.270485 0.417536 0.494634 -0.658884 
 0.086110 0.270485 0.417536 0.494634 0.476248 -0.605045 
 0.270485 0.417536 0.494634 0.476248 0.353116 -0.548283 
 0.417536 0.494634 0.476248 0.353116 0.140655 -0.488873 
 0.494634 0.476248 0.353116 0.140655 -0.117076 -0.427101 
 0.476248 0.353116 0.140655 -0.117076 -0.351961 -0.363267 
 0.353116 0.140655 -0.117076 -0.351961 -0.487748 -0.297677 
 0.140655 -0.117076 -0.351961 -0.487748 -0.466154 -0.230651 
 -0.117076 -0.351961 -0.487748 -0.466154 -0.276020 -0.162510 
 -0.351961 -0.487748 -0.466154 -0.276020 0.027619 -0.093584 
 -0.487748 -0.466154 -0.276020 0.027619 0.329492 -0.024206 
 -0.466154 -0.276020 0.027619 0.329492 0.493361 0.045289 
 -0.276020 0.027619 0.329492 0.493361 0.426577 0.114565 
 0.027619 0.329492 0.493361 0.426577 0.141390 0.183287 
 0.329492 0.493361 0.426577 0.141390 -0.227119 0.251125 
 0.493361 0.426577 0.141390 -0.227119 -0.474812 0.317749 
 0.426577 0.141390 -0.227119 -0.474812 -0.442716 0.382839 
 0.141390 -0.227119 -0.474812 -0.442716 -0.130702 0.446080 
 -0.227119 -0.474812 -0.442716 -0.130702 0.273336 0.507166 
 -0.474812 -0.442716 -0.130702 0.273336 0.495740 0.565802 
 -0.442716 -0.130702 0.273336 0.495740 0.366197 0.621705 
 -0.130702 0.273336 0.495740 0.366197 -0.037178 0.674606 
 0.273336 0.495740 0.366197 -0.037178 -0.416934 0.724248 
 0.495740 0.366197 -0.037178 -0.416934 -0.471210 0.770392 
 0.366197 -0.037178 -0.416934 -0.471210 -0.143647 0.812815 
 -0.037178 -0.416934 -0.471210 -0.143647 0.305848 0.851312 
 -0.416934 -0.471210 -0.143647 0.305848 0.499455 0.885697 
 -0.471210 -0.143647 0.305848 0.499455 0.264169 0.915805 
 -0.143647 0.305848 0.499455 0.264169 -0.202666 0.941488 
 0.305848 0.499455 0.264169 -0.202666 -0.492401 0.962625 
 0.499455 0.264169 -0.202666 -0.492401 -0.345621 0.979111 
 0.264169 -0.202666 -0.492401 -0.345621 0.109373 0.990869 
 -0.202666 -0.492401 -0.345621 0.109373 0.466772 0.997841 
 -0.492401 -0.345621 0.109373 0.466772 0.408313 0.999993 
 -0.345621 0.109373 0.466772 0.408313 -0.011448 0.997315 
 0.109373 0.466772 0.408313 -0.011448 -0.419719 0.989820 
 0.466772 0.408313 -0.011448 -0.419719 -0.462057 0.977544 
 0.408313 -0.011448 -0.419719 -0.462057 -0.109305 0.960546 
 -0.011448 -0.419719 -0.462057 -0.109305 0.332714 0.938909 
 -0.419719 -0.462057 -0.109305 0.332714 0.497776 0.912737 
 -0.462057 -0.109305 0.332714 0.497776 0.262276 0.882157 
 -0.109305 0.332714 0.497776 0.262276 -0.175130 0.847315 
 0.332714 0.497776 0.262276 -0.175130 -0.474862 0.808381 
 0.497776 0.262276 -0.175130 -0.474862 -0.423821 0.765542 
 0.262276 -0.175130 -0.474862 -0.423821 -0.075589 0.719006 
 -0.175130 -0.474862 -0.423821 -0.075589 0.317875 0.668997 
 -0.474862 -0.423821 -0.075589 0.317875 0.499067 0.615757 
 -0.423821 -0.075589 0.317875 0.499067 0.369666 0.559542 
 -0.075589 0.317875 0.499067 0.369666 0.026965 0.500625 
 0.317875 0.499067 0.369666 0.026965 -0.322791 0.439290 
 0.499067 0.369666 0.026965 -0.322791 -0.495368 0.375833 
 0.369666 0.026965 -0.322791 -0.495368 -0.420102 0.310561 
 0.026965 -0.322791 -0.495368 -0.420102 -0.153516 0.243788 
 -0.322791 -0.495368 -0.420102 -0.153516 0.171217 0.175839 
 -0.495368 -0.420102 -0.153516 0.171217 0.417174 0.107039 
 -0.420102 -0.153516 0.171217 0.417174 0.499783 0.037723 
 -0.153516 0.171217 0.417174 0.499783 0.407305 -0.031775 
 0.171217 0.417174 0.499783 0.407305 0.188510 -0.101120 
 0.417174 0.499783 0.407305 0.188510 -0.077411 -0.169976 
 0.499783 0.407305 0.188510 -0.077411 -0.312242 -0.238012 
 0.407305 0.188510 -0.077411 -0.312242 -0.460582 -0.304898 
 0.188510 -0.077411 -0.312242 -0.460582 -0.498591 -0.370311 
 -0.077411 -0.312242 -0.460582 -0.498591 -0.431668 -0.433935 
 -0.312242 -0.460582 -0.498591 -0.431668 -0.285648 -0.495464 
 -0.460582 -0.498591 -0.431668 -0.285648 -0.096119 -0.554599 
 -0.498591 -0.431668 -0.285648 -0.096119 0.100879 -0.611056 
 -0.431668 -0.285648 -0.096119 0.100879 0.275208 -0.664561 
 -0.285648 -0.096119 0.100879 0.275208 0.405811 -0.714857 
 -0.096119 0.100879 0.275208 0.405811 0.481328 -0.761699 
 0.100879 0.275208 0.405811 0.481328 0.499020 -0.804863 
 0.275208 0.405811 0.481328 0.499020 0.462850 -0.844139 
 0.405811 0.481328 0.499020 0.462850 0.381389 -0.879338 
 0.481328 0.499020 0.462850 0.381389 0.265916 -0.910289 
 0.499020 0.462850 0.381389 0.265916 0.128917 -0.936844 
 0.462850 0.381389 0.265916 0.128917 -0.016983 -0.958874 
 0.381389 0.265916 0.128917 -0.016983 -0.159723 -0.976272 
 0.265916 0.128917 -0.016983 -0.159723 -0.288236 -0.988955 
 0.128917 -0.016983 -0.159723 -0.288236 -0.392728 -0.996861 
 -0.016983 -0.159723 -0.288236 -0.392728 -0.464906 -0.999953 
 -0.159723 -0.288236 -0.392728 -0.464906 -0.498266 -0.998214 
 -0.288236 -0.392728 -0.464906 -0.498266 -0.488484 -0.991654 
 -0.392728 -0.464906 -0.498266 -0.488484 -0.433962 -0.980304 
 -0.464906 -0.498266 -0.488484 -0.433962 -0.336497 -0.964220 
 -0.498266 -0.488484 -0.433962 -0.336497 -0.202017 -0.943478 
 -0.488484 -0.433962 -0.336497 -0.202017 -0.041209 -0.918179 
 -0.433962 -0.336497 -0.202017 -0.041209 0.130205 -0.888445 
 -0.336497 -0.202017 -0.041209 0.130205 0.291881 -0.854420 
 -0.202017 -0.041209 0.130205 0.291881 0.420344 -0.816268 
 -0.041209 0.130205 0.291881 0.420344 0.491877 -0.774173 
 0.130205 0.291881 0.420344 0.491877 0.486950 -0.728339 
 0.291881 0.420344 0.491877 0.486950 0.395831 -0.678987 
 0.420344 0.491877 0.486950 0.395831 0.224387 -0.626356 
 0.491877 0.486950 0.395831 0.224387 -0.001740 -0.570699 
 0.486950 0.395831 0.224387 -0.001740 -0.237032 -0.512286 
 0.395831 0.224387 -0.001740 -0.237032 -0.422503 -0.451399 
 0.224387 -0.001740 -0.237032 -0.422503 -0.499794 -0.388331 
 -0.001740 -0.237032 -0.422503 -0.499794 -0.431358 -0.323387 
 -0.237032 -0.422503 -0.499794 -0.431358 -0.221092 -0.256882 
 -0.422503 -0.499794 -0.431358 -0.221092 0.073990 -0.189135 
 -0.499794 -0.431358 -0.221092 0.073990 0.351356 -0.120475 
 -0.431358 -0.221092 0.073990 0.351356 0.495331 -0.051234 
 -0.221092 0.073990 0.351356 0.495331 0.428311 0.018255 
 0.073990 0.351356 0.495331 0.428311 0.160107 0.087656 
 0.351356 0.495331 0.428311 0.160107 -0.194852 0.156634 
 0.495331 0.428311 0.160107 -0.194852 -0.456315 0.224855 
 0.428311 0.160107 -0.194852 -0.456315 -0.469551 0.291990 
 0.160107 -0.194852 -0.456315 -0.469551 -0.206704 0.357715 
 -0.194852 -0.456315 -0.469551 -0.206704 0.189519 0.421712 
 -0.456315 -0.469551 -0.206704 0.189519 0.470230 0.483672 
 -0.469551 -0.206704 0.189519 0.470230 0.436926 0.543296 
 -0.206704 0.189519 0.470230 0.436926 0.094562 0.600295 
 0.189519 0.470230 0.436926 0.094562 -0.321975 0.654395 
 0.470230 0.436926 0.094562 -0.321975 -0.499700 0.705335 
 0.436926 0.094562 -0.321975 -0.499700 -0.288772 0.752868 
 0.094562 -0.321975 -0.499700 -0.288772 0.156294 0.796764 
 -0.321975 -0.499700 -0.288772 0.156294 0.476552 0.836812 
 -0.499700 -0.288772 0.156294 0.476552 0.398571 0.872818 
 -0.288772 0.156294 0.476552 0.398571 -0.020953 0.904608 
 0.156294 0.476552 0.398571 -0.020953 -0.424357 0.932029 
 0.476552 0.398571 -0.020953 -0.424357 -0.456558 0.954948 
 0.398571 -0.020953 -0.424357 -0.456558 -0.084485 0.973255 
 -0.020953 -0.424357 -0.456558 -0.084485 0.363360 0.986860 
 -0.424357 -0.456558 -0.084485 0.363360 0.487216 0.995700 
 -0.456558 -0.084485 0.363360 0.487216 0.176799 0.999729 
 -0.084485 0.363360 0.487216 0.176799 -0.289931 0.998931 
 0.363360 0.487216 0.176799 -0.289931 -0.499864 0.993307 
 0.487216 0.176799 -0.289931 -0.499864 -0.273204 0.982885 
 0.176799 -0.289931 -0.499864 -0.273204 0.187165 0.967717 
 -0.289931 -0.499864 -0.273204 0.187165 0.486298 0.947874 
 -0.499864 -0.273204 0.187165 0.486298 0.380145 0.923452 
 -0.273204 0.187165 0.486298 0.380145 -0.032804 0.894571 
 0.187165 0.486298 0.380145 -0.032804 -0.415635 0.861368 
 0.486298 0.380145 -0.032804 -0.415635 -0.475970 0.824005 
 0.380145 -0.032804 -0.415635 -0.475970 -0.183190 0.782662 
 -0.032804 -0.415635 -0.475970 -0.183190 0.236093 0.737539 
 -0.415635 -0.475970 -0.183190 0.236093 0.486746 0.688854 
 -0.475970 -0.183190 0.236093 0.486746 0.413271 0.636841 
 -0.183190 0.236093 0.486746 0.413271 0.082071 0.581752 
 0.236093 0.486746 0.413271 0.082071 -0.291234 0.523854 
 0.486746 0.413271 0.082071 -0.291234 -0.491513 0.463425 
 0.413271 0.082071 -0.291234 -0.491513 -0.424352 0.400757 
 0.082071 -0.291234 -0.491513 -0.424352 -0.145372 0.336154 
 -0.291234 -0.491513 -0.424352 -0.145372 0.194649 0.269928 
 -0.491513 -0.424352 -0.145372 0.194649 0.438795 0.202397 
 -0.424352 -0.145372 0.194649 0.438795 0.494618 0.133889 
 -0.145372 0.194649 0.438795 0.494618 0.359113 0.064735 
 0.194649 0.438795 0.494618 0.359113 0.100629 -0.004732 
 0.438795 0.494618 0.359113 0.100629 -0.181770 -0.074177 
 0.494618 0.359113 0.100629 -0.181770 -0.398759 -0.143263 
 0.359113 0.100629 -0.181770 -0.398759 -0.496421 -0.211657 
 0.100629 -0.181770 -0.398759 -0.496421 -0.463300 -0.279029 
 -0.181770 -0.398759 -0.496421 -0.463300 -0.322894 -0.345053 
 -0.398759 -0.496421 -0.463300 -0.322894 -0.118918 -0.409411 
 -0.496421 -0.463300 -0.322894 -0.118918 0.099986 -0.471791 
 -0.463300 -0.322894 -0.118918 0.099986 0.291854 -0.531892 
 -0.322894 -0.118918 0.099986 0.291854 0.427817 -0.589424 
 -0.118918 0.099986 0.291854 0.427817 0.493781 -0.644110 
 0.099986 0.291854 0.427817 0.493781 0.488794 -0.695684 
 0.291854 0.427817 0.493781 0.488794 0.421690 -0.743898 
 0.427817 0.493781 0.488794 0.421690 0.307305 -0.788519 
 0.493781 0.488794 0.421690 0.307305 0.163115 -0.829331 
 0.488794 0.421690 0.307305 0.163115 0.006660 -0.866138 
 0.421690 0.307305 0.163115 0.006660 -0.146142 -0.898761 
 0.307305 0.163115 0.006660 -0.146142 -0.281938 -0.927043 
 0.163115 0.006660 -0.146142 -0.281938 -0.390312 -0.950847 
 0.006660 -0.146142 -0.281938 -0.390312 -0.463818 -0.970059 
 -0.146142 -0.281938 -0.390312 -0.463818 -0.497841 -0.984585 
 -0.281938 -0.390312 -0.463818 -0.497841 -0.490431 -0.994356 
 -0.390312 -0.463818 -0.497841 -0.490431 -0.442182 -0.999323 
 -0.463818 -0.497841 -0.490431 -0.442182 -0.356216 -0.999465 
 -0.497841 -0.490431 -0.442182 -0.356216 -0.238245 -0.994778 
 -0.490431 -0.442182 -0.356216 -0.238245 -0.096680 -0.985287 
 -0.442182 -0.356216 -0.238245 -0.096680 0.057308 -0.971037 
 -0.356216 -0.238245 -0.096680 0.057308 0.209929 -0.952096 
 -0.238245 -0.096680 0.057308 0.209929 0.345260 -0.928557 
 -0.096680 0.057308 0.209929 0.345260 0.446308 -0.900533 
 0.057308 0.209929 0.345260 0.446308 0.496791 -0.868159 
 0.209929 0.345260 0.446308 0.496791 0.483739 -0.831592 
 0.345260 0.446308 0.496791 0.483739 0.400782 -0.791009 
 0.446308 0.496791 0.483739 0.400782 0.251673 -0.746604 
 0.496791 0.483739 0.400782 0.251673 0.053207 -0.698594 
 0.483739 0.400782 0.251673 0.053207 -0.163763 -0.647209 
 0.400782 0.251673 0.053207 -0.163763 -0.356716 -0.592699 
 0.251673 0.053207 -0.163763 -0.356716 -0.478479 -0.535325 
 0.053207 -0.163763 -0.356716 -0.478479 -0.489070 -0.475366 
 -0.163763 -0.356716 -0.478479 -0.489070 -0.370564 -0.413111 
 -0.356716 -0.478479 -0.489070 -0.370564 -0.140584 -0.348860 
 -0.478479 -0.489070 -0.370564 -0.140584 0.142165 -0.282925 
 -0.489070 -0.370564 -0.140584 0.142165 0.387120 -0.215623 
 -0.370564 -0.140584 0.142165 0.387120 0.498976 -0.147279 
 -0.140584 0.142165 0.387120 0.498976 0.417839 -0.078224 
 0.142165 0.387120 0.498976 0.417839 0.157201 -0.008791 
 0.387120 0.498976 0.417839 0.157201 -0.182511 0.060684 
 0.498976 0.417839 0.157201 -0.182511 -0.443500 0.129866 
 0.417839 0.157201 -0.182511 -0.443500 -0.483138 0.198421 
 0.157201 -0.182511 -0.443500 -0.483138 -0.260123 0.266017 
 -0.182511 -0.443500 -0.483138 -0.260123 0.117995 0.332329 
 -0.443500 -0.483138 -0.260123 0.117995 0.432477 0.397035 
 -0.483138 -0.260123 0.117995 0.432477 0.477415 0.459824 
 -0.260123 0.117995 0.432477 0.477415 0.204767 0.520392 
 0.117995 0.432477 0.477415 0.204767 -0.214725 0.578446 
 0.432477 0.477415 0.204767 -0.214725 -0.485248 0.633706 
 0.477415 0.204767 -0.214725 -0.485248 -0.396137 0.685906 
 0.204767 -0.214725 -0.485248 -0.396137 0.000181 0.734792 
 -0.214725 -0.485248 -0.396137 0.000181 0.400516 0.780130 
 -0.485248 -0.396137 0.000181 0.400516 0.477782 0.821699 
 -0.396137 0.000181 0.400516 0.477782 0.157132 0.859299 
 0.000181 0.400516 0.477782 0.157132 -0.299224 0.892749 
 0.400516 0.477782 0.157132 -0.299224 -0.499604 0.921887 
 0.477782 0.157132 -0.299224 -0.499604 -0.263804 0.946572 
 0.157132 -0.299224 -0.499604 -0.263804 0.205695 0.966686 
 -0.299224 -0.499604 -0.263804 0.205695 0.493277 0.982130 
 -0.499604 -0.263804 0.205695 0.493277 0.341224 0.992830 
 -0.263804 0.205695 0.493277 0.341224 -0.115104 0.998735 
 0.205695 0.493277 0.341224 -0.115104 -0.468431 0.999816 
 0.493277 0.341224 -0.115104 -0.468431 -0.406880 0.996067 
 0.341224 -0.115104 -0.468431 -0.406880 0.010703 0.987508 
 -0.115104 -0.468431 -0.406880 0.010703 0.417005 0.974179 
 -0.468431 -0.406880 0.010703 0.417005 0.465837 0.956145 
 -0.406880 0.010703 0.417005 0.465837 0.125121 0.933492 
 0.010703 0.417005 0.465837 0.125121 -0.314952 0.906330 
 0.417005 0.465837 0.125121 -0.314952 -0.499746 0.874791 
 0.465837 0.125121 -0.314952 -0.499746 -0.295476 0.839027 
 0.125121 -0.314952 -0.499746 -0.295476 0.127885 0.799210 
 -0.314952 -0.499746 -0.295476 0.127885 0.452733 0.755533 
 -0.499746 -0.295476 0.127885 0.452733 0.457090 0.708206 
 -0.295476 0.127885 0.452733 0.457090 0.155906 0.657459 
 0.127885 0.452733 0.457090 0.155906 -0.239300 0.603537 
 0.452733 0.457090 0.155906 -0.239300 -0.480985 0.546699 
 0.457090 0.155906 -0.239300 -0.480985 -0.439617 0.487220 
 0.155906 -0.239300 -0.480985 -0.439617 -0.158970 0.425389 
 -0.239300 -0.480985 -0.439617 -0.158970 0.196582 0.361502 
 -0.480985 -0.439617 -0.158970 0.196582 0.447445 0.295870 
 -0.439617 -0.158970 0.196582 0.447445 0.488202 0.228808 
 -0.158970 0.196582 0.447445 0.488202 0.320920 0.160642 
 0.196582 0.447445 0.488202 0.320920 0.032382 0.091699 
 0.447445 0.488202 0.320920 0.032382 -0.258420 0.022314 
 0.488202 0.320920 0.032382 -0.258420 -0.451592 -0.047180 
 0.320920 0.032382 -0.258420 -0.451592 -0.496606 -0.116445 
 0.032382 -0.258420 -0.451592 -0.496606 -0.396992 -0.185148 
 -0.258420 -0.451592 -0.496606 -0.396992 -0.196246 -0.252957 
 -0.451592 -0.496606 -0.396992 -0.196246 0.044124 -0.319544 
 -0.496606 -0.396992 -0.196246 0.044124 0.264945 -0.384587 
 -0.396992 -0.196246 0.044124 0.264945 0.422827 -0.447773 
 -0.196246 0.044124 0.264945 0.422827 0.495546 -0.508796 
 0.044124 0.264945 0.422827 0.495546 0.480944 -0.567362 
 0.264945 0.422827 0.495546 0.480944 0.391999 -0.623187 
 0.422827 0.495546 0.480944 0.391999 0.250586 -0.676002 
 0.495546 0.480944 0.391999 0.250586 0.081725 -0.725552 
 0.480944 0.391999 0.250586 0.081725 -0.090769 -0.771598 
 0.391999 0.250586 0.081725 -0.090769 -0.246986 -0.813916 
 0.250586 0.081725 -0.090769 -0.246986 -0.372183 -0.852304 
 0.081725 -0.090769 -0.246986 -0.372183 -0.456964 -0.886575 
 -0.090769 -0.246986 -0.372183 -0.456964 -0.496825 -0.916563 
 -0.246986 -0.372183 -0.456964 -0.496825 -0.491383 -0.942125 
 -0.372183 -0.456964 -0.496825 -0.491383 -0.443559 -0.963136 
 -0.456964 -0.496825 -0.491383 -0.443559 -0.358837 -0.979495 
 -0.496825 -0.491383 -0.443559 -0.358837 -0.244696 -0.991123 
 -0.491383 -0.443559 -0.358837 -0.244696 -0.110184 -0.997963 
 -0.443559 -0.358837 -0.244696 -0.110184 0.034384 -0.999984 
 -0.358837 -0.244696 -0.110184 0.034384 0.177690 -0.997174 
 -0.244696 -0.110184 0.034384 0.177690 0.307723 -0.989549 
 -0.110184 0.034384 0.177690 0.307723 0.412257 -0.977143 
 0.034384 0.177690 0.307723 0.412257 0.479590 -0.960018 
 0.177690 0.307723 0.412257 0.479590 0.499640 -0.938256 
 0.307723 0.412257 0.479590 0.499640 0.465434 -0.911962 
 0.412257 0.479590 0.499640 0.465434 0.374928 -0.881263 
 0.479590 0.499640 0.465434 0.374928 0.232953 -0.846308 
 0.499640 0.465434 0.374928 0.232953 0.052850 -0.807265 
 0.465434 0.374928 0.232953 0.052850 -0.142822 -0.764323 
 0.374928 0.232953 0.052850 -0.142822 -0.323345 -0.717689 
 0.232953 0.052850 -0.142822 -0.323345 -0.453447 -0.667589 
 0.052850 -0.142822 -0.323345 -0.453447 -0.499922 -0.614264 
 -0.142822 -0.323345 -0.453447 -0.499922 -0.440861 -0.557972 
 -0.323345 -0.453447 -0.499922 -0.440861 -0.275766 -0.498986 
 -0.453447 -0.499922 -0.440861 -0.275766 -0.033227 -0.437589 
 -0.499922 -0.440861 -0.275766 -0.033227 0.228298 -0.374078 
 -0.440861 -0.275766 -0.033227 0.228298 0.430763 -0.308761 
 -0.275766 -0.033227 0.228298 0.430763 0.499234 -0.241952 
 -0.033227 0.228298 0.430763 0.499234 0.392763 -0.173975 
 0.228298 0.430763 0.499234 0.392763 0.132166 -0.105157 
 0.430763 0.499234 0.392763 0.132166 -0.191323 -0.035832 
 0.499234 0.392763 0.132166 -0.191323 -0.440235 0.033667 
 0.392763 0.132166 -0.191323 -0.440235 -0.488591 0.103003 
 0.132166 -0.191323 -0.440235 -0.488591 -0.292682 0.171841 
 -0.191323 -0.440235 -0.488591 -0.292682 0.064363 0.239850 
 -0.440235 -0.488591 -0.292682 0.064363 0.393495 0.306700 
 -0.488591 -0.292682 0.064363 0.393495 0.495538 0.372069 
 -0.292682 0.064363 0.393495 0.495538 0.289533 0.435640 
 0.064363 0.393495 0.495538 0.289533 -0.110097 0.497107 
 0.393495 0.495538 0.289533 -0.110097 -0.441143 0.556174 
 0.495538 0.289533 -0.110097 -0.441143 -0.463098 0.612554 
 0.289533 -0.110097 -0.441143 -0.463098 -0.143283 0.665975 
 -0.110097 -0.441143 -0.463098 -0.143283 0.289918 0.716179 
 -0.441143 -0.463098 -0.143283 0.289918 0.499793 0.762925 
 -0.463098 -0.143283 0.289918 0.499793 0.307833 0.805985 
 -0.143283 0.289918 0.499793 0.307833 -0.140387 0.845152 
 0.289918 0.499793 0.307833 -0.140387 -0.473279 0.880238 
 0.499793 0.307833 -0.140387 -0.473279 -0.401709 0.911071 
 0.307833 -0.140387 -0.473279 -0.401709 0.019990 0.937505 
 -0.140387 -0.473279 -0.401709 0.019990 0.425576 0.959409 
 -0.473279 -0.401709 0.019990 0.425576 0.454670 0.976680 
 -0.401709 0.019990 0.425576 0.454670 0.078724 0.989234 
 0.019990 0.425576 0.454670 0.078724 -0.367502 0.997009 
 0.425576 0.454670 0.078724 -0.367502 -0.486004 0.999969 
 0.454670 0.078724 -0.367502 -0.486004 -0.173562 0.998099 
 0.078724 -0.367502 -0.486004 -0.173562 0.290442 0.991408 
 -0.367502 -0.486004 -0.173562 0.290442 0.499929 0.979929 
 -0.486004 -0.173562 0.290442 0.499929 0.279876 0.963716 
 -0.173562 0.290442 0.499929 0.279876 -0.174322 0.942849 
 0.290442 0.499929 0.279876 -0.174322 -0.481133 0.917427 
 0.499929 0.279876 -0.174322 -0.481133 -0.397765 0.887574 
 0.279876 -0.174322 -0.481133 -0.397765 -0.003684 0.853435 
 -0.174322 -0.481133 -0.397765 -0.003684 0.388480 0.815173 
 -0.481133 -0.397765 -0.003684 0.388480 0.490070 0.772974 
 -0.397765 -0.003684 0.388480 0.490070 0.243353 0.727041 
 -0.003684 0.388480 0.490070 0.243353 -0.164705 0.677597 
 0.388480 0.490070 0.243353 -0.164705 -0.458364 0.624879 
 0.490070 0.243353 -0.164705 -0.458364 -0.461999 0.569144 
 0.243353 -0.164705 -0.458364 -0.461999 -0.193145 0.510660 
 -0.164705 -0.458364 -0.461999 -0.193145 0.177503 0.449709 
 -0.458364 -0.461999 -0.193145 0.177503 0.445509 0.386586 
 -0.461999 -0.193145 0.177503 0.445509 0.485419 0.321595 
 -0.193145 0.177503 0.445509 0.485419 0.298242 0.255052 
 0.177503 0.445509 0.485419 0.298242 -0.013245 0.187276 
 0.445509 0.485419 0.298242 -0.013245 -0.309700 0.118596 
 0.485419 0.298242 -0.013245 -0.309700 -0.479764 0.049343 
 0.298242 -0.013245 -0.309700 -0.479764 -0.476500 -0.020148 
 -0.013245 -0.309700 -0.479764 -0.476500 -0.319634 -0.089542 
 -0.309700 -0.479764 -0.476500 -0.319634 -0.073545 -0.158503 
 -0.479764 -0.476500 -0.319634 -0.073545 0.183234 -0.226699 
 -0.476500 -0.319634 -0.073545 0.183234 0.383935 -0.293800 
 -0.319634 -0.073545 0.183234 0.383935 0.488288 -0.359482 
 -0.073545 0.183234 0.383935 0.488288 0.485616 -0.423427 
 0.183234 0.383935 0.488288 0.485616 0.389572 -0.485328 
 0.383935 0.488288 0.485616 0.389572 0.228905 -0.544884 
 0.488288 0.485616 0.389572 0.228905 0.037960 -0.601808 
 0.485616 0.389572 0.228905 0.037960 -0.150841 -0.655826 
 0.389572 0.228905 0.037960 -0.150841 -0.311685 -0.706676 
 0.228905 0.037960 -0.150841 -0.311685 -0.427377 -0.754112 
 0.037960 -0.150841 -0.311685 -0.427377 -0.489339 -0.797906 
 -0.150841 -0.311685 -0.427377 -0.489339 -0.496391 -0.837846 
 -0.311685 -0.427377 -0.489339 -0.496391 -0.452996 -0.873740 
 -0.427377 -0.489339 -0.496391 -0.452996 -0.367470 -0.905413 
 -0.489339 -0.496391 -0.452996 -0.367470 -0.250417 -0.932713 
 -0.496391 -0.452996 -0.367470 -0.250417 -0.113525 -0.955508 
 -0.452996 -0.367470 -0.250417 -0.113525 0.031283 -0.973688 
 -0.367470 -0.250417 -0.113525 0.031283 0.172421 -0.987164 
 -0.250417 -0.113525 0.031283 0.172421 0.299006 -0.995873 
 -0.113525 0.031283 0.172421 0.299006 0.401147 -0.999772 
 0.031283 0.172421 0.299006 0.401147 0.470246 -0.998841 
 0.172421 0.299006 0.401147 0.470246 0.499393 -0.993086 
 0.299006 0.401147 0.470246 0.499393 0.483921 -0.982535 
 0.401147 0.470246 0.499393 0.483921 0.422135 -0.967238 
 0.470246 0.499393 0.483921 0.422135 0.316175 -0.947269 
 0.499393 0.483921 0.422135 0.316175 0.172919 -0.922724 
 0.483921 0.422135 0.316175 0.172919 0.004686 -0.893723 
 0.422135 0.316175 0.172919 0.004686 -0.170560 -0.860405 
 0.316175 0.172919 0.004686 -0.170560 -0.329939 -0.822931 
 0.172919 0.004686 -0.170560 -0.329939 -0.447749 -0.781483 
 0.004686 -0.170560 -0.329939 -0.447749 -0.499249 -0.736260 
 -0.170560 -0.329939 -0.447749 -0.499249 -0.466117 -0.687480 
 -0.329939 -0.447749 -0.499249 -0.466117 -0.342933 -0.635380 
 -0.447749 -0.499249 -0.466117 -0.342933 -0.143192 -0.580211 
 -0.499249 -0.466117 -0.342933 -0.143192 0.097528 -0.522240 
 -0.466117 -0.342933 -0.143192 0.097528 0.324102 -0.461746 
 -0.342933 -0.143192 0.097528 0.324102 0.472385 -0.399022 
 -0.143192 0.097528 0.324102 0.472385 0.487836 -0.334371 
 0.097528 0.324102 0.472385 0.487836 0.348488 -0.268105 
 0.324102 0.472385 0.487836 0.348488 0.083920 -0.200543 
 0.472385 0.487836 0.348488 0.083920 -0.221076 -0.132013 
 0.487836 0.348488 0.083920 -0.221076 -0.447578 -0.062846 
 0.348488 0.083920 -0.221076 -0.447578 -0.488716 0.006625 
 0.083920 -0.221076 -0.447578 -0.488716 -0.306235 0.076065 
 -0.221076 -0.447578 -0.488716 -0.306235 0.031565 0.145136 
 -0.447578 -0.488716 -0.306235 0.031565 0.361697 0.213507 
 -0.488716 -0.306235 0.031565 0.361697 0.499991 0.280847 
 -0.306235 0.031565 0.361697 0.499991 0.349682 0.346830 
 0.031565 0.361697 0.499991 0.349682 -0.018478 0.411137 
 0.361697 0.499991 0.349682 -0.018478 -0.381797 0.473459 
 0.499991 0.349682 -0.018478 -0.381797 -0.494427 0.533494 
 0.349682 -0.018478 -0.381797 -0.494427 -0.261995 0.590953 
 -0.018478 -0.381797 -0.494427 -0.261995 0.164673 0.645557 
 -0.381797 -0.494427 -0.261995 0.164673 0.472706 0.697042 
 -0.494427 -0.261995 0.164673 0.472706 0.416546 0.745162 
 -0.261995 0.164673 0.472706 0.416546 0.026566 0.789682 
 0.164673 0.472706 0.416546 0.026566 -0.388659 0.830387 
 0.472706 0.416546 0.026566 -0.388659 -0.481390 0.867082 
 0.416546 0.026566 -0.388659 -0.481390 -0.163911 0.899589 
 0.026566 -0.388659 -0.481390 -0.163911 0.297211 0.927751 
 -0.388659 -0.481390 -0.163911 0.297211 0.499557 0.951432 
 -0.481390 -0.163911 0.297211 0.499557 0.260549 0.970517 
 -0.163911 0.297211 0.499557 0.260549 -0.210671 0.984914 
 0.297211 0.499557 0.260549 -0.210671 -0.494237 0.994555 
 0.499557 0.260549 -0.210671 -0.494237 -0.337033 0.999391 
 0.260549 -0.210671 -0.494237 -0.337033 0.119268 0.999401 
 -0.210671 -0.494237 -0.337033 0.119268 0.469074 0.994583 
 -0.494237 -0.337033 0.119268 0.469074 0.407804 0.984962 
 -0.337033 0.119268 0.469074 0.407804 -0.004681 0.970583 
 0.119268 0.469074 0.407804 -0.004681 -0.410596 0.951516 
 0.469074 0.407804 -0.004681 -0.410596 -0.471992 0.927853 
 0.407804 -0.004681 -0.410596 -0.471992 -0.149162 0.899708 
 -0.004681 -0.410596 -0.471992 -0.149162 0.288553 0.867218 
 -0.410596 -0.471992 -0.149162 0.288553 0.499316 0.830539 
 -0.471992 -0.149162 0.288553 0.499316 0.335627 0.789849 
 -0.149162 0.288553 0.499316 0.335627 -0.066796 0.745344 
 0.288553 0.499316 0.335627 -0.066796 -0.416759 0.697238 
 0.499316 0.335627 -0.066796 -0.416759 -0.484871 0.645765 
 0.335627 -0.066796 -0.416759 -0.484871 -0.245230 0.591173 
 -0.066796 -0.416759 -0.484871 -0.245230 0.137055 0.533725 
 -0.416759 -0.484871 -0.245230 0.137055 0.432697 0.473700 
 -0.484871 -0.245230 0.137055 0.432697 0.487865 0.411386 
 -0.245230 0.137055 0.432697 0.487865 0.293597 0.347086 
 0.137055 0.432697 0.487865 0.293597 -0.035603 0.281108 
 0.432697 0.487865 0.293597 -0.035603 -0.339437 0.213774 
 0.487865 0.293597 -0.035603 -0.339437 -0.492477 0.145406 
 0.293597 -0.035603 -0.339437 -0.492477 -0.449560 0.076337 
 -0.035603 -0.339437 -0.492477 -0.449560 -0.246322 0.006898 
 -0.339437 -0.492477 -0.449560 -0.246322 0.031759 -0.062573 
 -0.492477 -0.449560 -0.246322 0.031759 0.289943 -0.131743 
 -0.449560 -0.246322 0.031759 0.289943 0.456453 -0.200276 
 -0.246322 0.031759 0.289943 0.456453 0.498041 -0.267842 
 0.031759 0.289943 0.456453 0.498041 0.419488 -0.334114 
 0.289943 0.456453 0.498041 0.419488 0.252755 -0.398772 
 0.456453 0.498041 0.419488 0.252755 0.042522 -0.461504 
 0.498041 0.419488 0.252755 0.042522 -0.166746 -0.522007 
 0.419488 0.252755 0.042522 -0.166746 -0.339539 -0.579989 
 0.252755 0.042522 -0.166746 -0.339539 -0.453365 -0.635169 
 0.042522 -0.166746 -0.339539 -0.453365 -0.499017 -0.687282 
 -0.166746 -0.339539 -0.453365 -0.499017 -0.478428 -0.736075 
 -0.339539 -0.453365 -0.499017 -0.478428 -0.401459 -0.781312 
 -0.453365 -0.499017 -0.478428 -0.401459 -0.282600 -0.822776 
 -0.499017 -0.478428 -0.401459 -0.282600 -0.138187 -0.860266 
 -0.478428 -0.401459 -0.282600 -0.138187 0.015659 -0.893601 
 -0.401459 -0.282600 -0.138187 0.015659 0.164347 -0.922619 
 -0.282600 -0.138187 0.015659 0.164347 0.295533 -0.947181 
 -0.138187 0.015659 0.164347 0.295533 0.399413 -0.967168 
 0.015659 0.164347 0.295533 0.399413 0.468764 -0.982484 
 0.164347 0.295533 0.399413 0.468764 0.498899 -0.993054 
 0.295533 0.399413 0.468764 0.498899 0.487611 -0.998828 
 0.399413 0.468764 0.498899 0.487611 0.435217 -0.999777 
 0.468764 0.498899 0.487611 0.435217 0.344674 -0.995898 
 0.498899 0.487611 0.435217 0.344674 0.221794 -0.987208 
 0.487611 0.435217 0.344674 0.221794 0.075455 -0.973750 
 0.435217 0.344674 0.221794 0.075455 -0.082286 -0.955588 
 0.344674 0.221794 0.075455 -0.082286 -0.236363 -0.932811 
 0.221794 0.075455 -0.082286 -0.236363 -0.369364 -0.905529 
 0.075455 -0.082286 -0.236363 -0.369364 -0.462902 -0.873873 
 -0.082286 -0.236363 -0.369364 -0.462902 -0.499889 -0.837995 
 -0.236363 -0.369364 -0.462902 -0.499889 -0.467723 -0.798071 
 -0.369364 -0.462902 -0.499889 -0.467723 -0.362162 -0.754291 
 -0.462902 -0.499889 -0.467723 -0.362162 -0.191184 -0.706869 
 -0.499889 -0.467723 -0.362162 -0.191184 0.022303 -0.656032 
 -0.467723 -0.362162 -0.191184 0.022303 0.240522 -0.602026 
 -0.362162 -0.191184 0.022303 0.240522 0.415299 -0.545113 
 -0.191184 0.022303 0.240522 0.415299 0.497958 -0.485566 
 0.022303 0.240522 0.415299 0.497958 0.453993 -0.423675 
 0.240522 0.415299 0.497958 0.453993 0.279269 -0.359737 
 0.415299 0.497958 0.453993 0.279269 0.011636 -0.294061 
 0.497958 0.453993 0.279269 0.011636 -0.269782 -0.226965 
 0.453993 0.279269 0.011636 -0.269782 -0.463656 -0.158773 
 0.279269 0.011636 -0.269782 -0.463656 -0.483482 -0.089814 
 0.011636 -0.269782 -0.463656 -0.483482 -0.301607 -0.020421 
 -0.269782 -0.463656 -0.483482 -0.301607 0.020977 0.049071 
 -0.463656 -0.483482 -0.301607 0.020977 0.342711 0.118325 
 -0.483482 -0.301607 0.020977 0.342711 0.498439 0.187008 
 -0.301607 0.020977 0.342711 0.498439 0.388661 0.254788 
 0.020977 0.342711 0.498439 0.388661 0.054235 0.321337 
 0.342711 0.498439 0.388661 0.054235 -0.320041 0.386334 
 0.498439 0.388661 0.054235 -0.320041 -0.499321 0.449465 
 0.388661 0.054235 -0.320041 -0.499321 -0.351290 0.510425 
 0.054235 -0.320041 -0.499321 -0.351290 0.041831 0.568919 
 -0.320041 -0.499321 -0.351290 0.041831 0.410825 0.624666 
 -0.499321 -0.351290 0.041831 0.410825 0.479032 0.677396 
 -0.351290 0.041831 0.410825 0.479032 0.179740 0.726853 
 0.041831 0.410825 0.479032 0.179740 -0.265058 0.772800 
 0.410825 0.479032 0.179740 -0.265058 -0.498668 0.815015 
 0.479032 0.179740 -0.265058 -0.498668 -0.319671 0.853292 
 0.179740 -0.265058 -0.498668 -0.319671 0.131507 0.887449 
 -0.265058 -0.498668 -0.319671 0.131507 0.471907 0.917318 
 -0.498668 -0.319671 0.131507 0.471907 0.401798 0.942758 
 -0.319671 0.131507 0.471907 0.401798 -0.022892 0.963643 
 0.131507 0.471907 0.401798 -0.022892 -0.428155 0.979874 
 0.471907 0.401798 -0.022892 -0.428155 -0.452150 0.991372 
 0.401798 -0.022892 -0.428155 -0.452150 -0.072813 0.998082 
 -0.022892 -0.428155 -0.452150 -0.072813 0.370845 0.999971 
 -0.428155 -0.452150 -0.072813 0.370845 0.485311 0.997030 
 -0.452150 -0.072813 0.370845 0.485311 0.173690 0.989274 
 -0.072813 0.370845 0.485311 0.173690 -0.287026 0.976739 
 0.370845 0.485311 0.173690 -0.287026 -0.499999 0.959486 
 0.485311 0.173690 -0.287026 -0.499999 -0.292325 0.937599 
 0.173690 -0.287026 -0.499999 -0.292325 0.153468 0.911184 
 -0.287026 -0.499999 -0.292325 0.153468 0.472154 0.880367 
 -0.499999 -0.292325 0.153468 0.472154 0.419890 0.845298 
 -0.292325 0.153468 0.472154 0.419890 0.051538 0.806147 
 0.153468 0.472154 0.419890 0.051538 -0.349325 0.763101 
 0.472154 0.419890 0.051538 -0.349325 -0.499056 0.716370 
 0.419890 0.051538 -0.349325 -0.499056 -0.310358 0.666178 
 0.051538 -0.349325 -0.499056 -0.310358 0.074694 0.612769 
 -0.349325 -0.499056 -0.310358 0.074694 0.406301 0.556400 
 -0.499056 -0.310358 0.074694 0.406301 0.494027 0.497344 
 -0.310358 0.074694 0.406301 0.494027 0.307177 0.435886 
 0.074694 0.406301 0.494027 0.307177 -0.034948 0.372322 
 0.406301 0.494027 0.307177 -0.034948 -0.350938 0.306960 
 0.494027 0.307177 -0.034948 -0.350938 -0.497061 0.240115 
 0.307177 -0.034948 -0.350938 -0.497061 -0.425796 0.172110 
 -0.034948 -0.350938 -0.497061 -0.425796 -0.186799 0.103274 
 -0.350938 -0.497061 -0.425796 -0.186799 0.113555 0.033940 
 -0.497061 -0.425796 -0.186799 0.113555 0.364577 -0.035559 
 -0.425796 -0.186799 0.113555 0.364577 0.491048 -0.104886 
 -0.186799 0.113555 0.364577 0.491048 0.469473 -0.173706 
 0.113555 0.364577 0.491048 0.469473 0.322785 -0.241687 
 0.364577 0.491048 0.469473 0.322785 0.102460 -0.308501 
 0.491048 0.469473 0.322785 0.102460 -0.132058 -0.373825 
 0.469473 0.322785 0.102460 -0.132058 -0.329701 -0.437343 
 0.322785 0.102460 -0.132058 -0.329701 -0.456935 -0.498749 
 0.102460 -0.132058 -0.329701 -0.456935 -0.499995 -0.557746 
 -0.132058 -0.329701 -0.456935 -0.499995 -0.462227 -0.614049 
 -0.329701 -0.456935 -0.499995 -0.462227 -0.358949 -0.667386 
 -0.456935 -0.499995 -0.462227 -0.358949 -0.211852 -0.717499 
 -0.499995 -0.462227 -0.358949 -0.211852 -0.044215 -0.764147 
 -0.462227 -0.358949 -0.211852 -0.044215 0.122525 -0.807104 
 -0.358949 -0.211852 -0.044215 0.122525 0.270770 -0.846163 
 -0.211852 -0.044215 0.122525 0.270770 0.387606 -0.881134 
 -0.044215 0.122525 0.270770 0.387606 0.464827 -0.911850 
 0.122525 0.270770 0.387606 0.464827 0.498493 -0.938162 
 0.270770 0.387606 0.464827 0.498493 0.488290 -0.959942 
 0.387606 0.464827 0.498493 0.488290 0.436891 -0.977085 
 0.464827 0.498493 0.488290 0.436891 0.349401 -0.989509 
 0.498493 0.488290 0.436891 0.349401 0.232954 -0.997154 
 0.488290 0.436891 0.349401 0.232954 0.096424 -0.999982 
 0.436891 0.349401 0.232954 0.096424 -0.049785 -0.997981 
 0.349401 0.232954 0.096424 -0.049785 -0.193969 -0.991159 
 0.232954 0.096424 -0.049785 -0.193969 -0.323461 -0.979550 
 0.096424 -0.049785 -0.193969 -0.323461 -0.425209 -0.963209 
 -0.049785 -0.193969 -0.323461 -0.425209 -0.486705 -0.942216 
 -0.193969 -0.323461 -0.425209 -0.486705 -0.497354 -0.916672 
 -0.323461 -0.425209 -0.486705 -0.497354 -0.450307 -0.886701 
 -0.425209 -0.486705 -0.497354 -0.450307 -0.344632 -0.852447 
 -0.486705 -0.497354 -0.450307 -0.344632 -0.187505 -0.814075 
 -0.497354 -0.450307 -0.344632 -0.187505 0.004136 -0.771771 
 -0.450307 -0.344632 -0.187505 0.004136 0.203306 -0.725740 
 -0.344632 -0.187505 0.004136 0.203306 0.375012 -0.676203 
 -0.187505 0.004136 0.203306 0.375012 0.481421 -0.623400 
 0.004136 0.203306 0.375012 0.481421 0.490371 -0.567586 
 0.203306 0.375012 0.481421 0.490371 0.386201 -0.509031 
 0.375012 0.481421 0.490371 0.386201 0.180205 -0.448017 
 0.481421 0.490371 0.386201 0.180205 -0.083646 -0.384839 
 0.490371 0.386201 0.180205 -0.083646 -0.332777 -0.319802 
 0.386201 0.180205 -0.083646 -0.332777 -0.483365 -0.253221 
 0.180205 -0.083646 -0.332777 -0.483365 -0.469825 -0.185416 
 -0.083646 -0.332777 -0.483365 -0.469825 -0.278020 -0.116716 
 -0.332777 -0.483365 -0.469825 -0.278020 0.033237 -0.047452 
 -0.483365 -0.469825 -0.278020 0.033237 0.339614 0.022041 
 -0.469825 -0.278020 0.033237 0.339614 0.496401 0.091427 
 -0.278020 0.033237 0.339614 0.496401 0.410547 0.160372 
 0.033237 0.339614 0.496401 0.410547 0.105559 0.228543 
 0.339614 0.496401 0.410547 0.105559 -0.265765 0.295609 
 0.496401 0.410547 0.105559 -0.265765 -0.488445 0.361248 
 0.410547 0.105559 -0.265765 -0.488445 -0.412478 0.425142 
 0.105559 -0.265765 -0.488445 -0.412478 -0.066712 0.486982 
 -0.265765 -0.488445 -0.412478 -0.066712 0.330346 0.546470 
 -0.488445 -0.412478 -0.066712 0.330346 0.499847 0.603319 
 -0.412478 -0.066712 0.330346 0.499847 0.304687 0.657254 
 -0.066712 0.330346 0.499847 0.304687 -0.124368 0.708014 
 0.330346 0.499847 0.304687 -0.124368 -0.460869 0.755354 
 0.499847 0.304687 -0.124368 -0.460869 -0.429865 0.799046 
 0.304687 -0.124368 -0.460869 -0.429865 -0.044303 0.838878 
 -0.124368 -0.460869 -0.429865 -0.044303 0.381359 0.874659 
 -0.460869 -0.429865 -0.044303 0.381359 0.482988 0.906215 
 -0.429865 -0.044303 0.381359 0.482988 0.165431 0.933394 
 -0.044303 0.381359 0.482988 0.165431 -0.298685 0.956065 
 0.381359 0.482988 0.165431 -0.298685 -0.499358 0.974117 
 0.482988 0.165431 -0.298685 -0.499358 -0.255667 0.987465 
 0.165431 -0.298685 -0.499358 -0.255667 0.216188 0.996043 
 -0.298685 -0.499358 -0.255667 0.216188 0.495037 0.999810 
 -0.499358 -0.255667 0.216188 0.495037 0.334193 0.998748 
 -0.255667 0.216188 0.495037 0.334193 -0.120404 0.992862 
 0.216188 0.495037 0.334193 -0.120404 -0.468206 0.982181 
 0.495037 0.334193 -0.120404 -0.468206 -0.411892 0.966755 
 0.334193 -0.120404 -0.468206 -0.411892 -0.008064 0.946660 
 -0.120404 -0.468206 -0.411892 -0.008064 0.399288 0.921993 
 -0.468206 -0.411892 -0.008064 0.399288 0.480134 0.892872 
 -0.411892 -0.008064 0.399288 0.480134 0.182213 0.859439 
 -0.008064 0.399288 0.480134 0.182213 -0.251397 0.821854 
 0.399288 0.480134 0.182213 -0.251397 -0.493574 0.780300 
 0.480134 0.182213 -0.251397 -0.493574 -0.380677 0.734977 
 0.182213 -0.251397 -0.493574 -0.380677 -0.009089 0.686104 
 -0.251397 -0.493574 -0.380677 -0.009089 0.361918 0.633917 
 -0.493574 -0.380677 -0.009089 0.361918 0.499484 0.578669 
 -0.380677 -0.009089 0.361918 0.499484 0.337100 0.520625 
 -0.009089 0.361918 0.499484 0.337100 -0.011708 0.460066 
 0.361918 0.499484 0.337100 -0.011708 -0.345887 0.397286 
 0.499484 0.337100 -0.011708 -0.345887 -0.497994 0.332586 
 0.337100 -0.011708 -0.345887 -0.497994 -0.411544 0.266280 
 -0.011708 -0.345887 -0.497994 -0.411544 -0.146420 0.198688 
 -0.345887 -0.497994 -0.411544 -0.146420 0.170664 0.130137 
 -0.497994 -0.411544 -0.146420 0.170664 0.412360 0.060956 
 -0.411544 -0.146420 0.170664 0.412360 0.499996 -0.008518 
 -0.146420 0.170664 0.412360 0.499996 0.421052 -0.077952 
 0.170664 0.412360 0.499996 0.421052 0.218088 -0.147009 
 0.412360 0.499996 0.421052 0.218088 -0.037624 -0.215356 
 0.499996 0.421052 0.218088 -0.037624 -0.273739 -0.282663 
 0.421052 0.218088 -0.037624 -0.273739 -0.436514 -0.348604 
 0.218088 -0.037624 -0.273739 -0.436514 -0.499409 -0.412862 
 -0.037624 -0.273739 -0.436514 -0.499409 -0.462122 -0.475126 
 -0.273739 -0.436514 -0.499409 -0.462122 -0.343782 -0.535094 